,1 t2,2 xt,3 Sx,4 yt,5 Sy
0,0.0,0.0,0.0,0.0,0.0
1,0.08080808080808081,0.002009270056486699,0.0026627563534717125,0.00012769286968987244,0.0028076395054455676
2,0.16161616161616163,0.007980462132617125,0.010190239384224004,0.001018459983209664,0.006164570641758767
3,0.24242424242424243,0.01774473075467039,0.021891270047762756,0.0034200165302464424,0.010620085039807228
4,0.32323232323232326,0.031024012861463817,0.03707466929959366,0.008049619130844864,0.01672347433045859
5,0.4040404040404041,0.04743598897541613,0.0550492580952226,0.015579481171166894,0.025024030144580482
6,0.48484848484848486,0.06650091396353756,0.07512385739015529,0.02662294991927154,0.036071044113040525
7,0.5656565656565657,0.08765020474436,0.09660728813989755,0.041721679943293226,0.05041380786670638
8,0.6464646464646465,0.11023664326453377,0.11880837129995514,0.0613340211257115,0.06860161303644564
9,0.7272727272727273,0.13354602633023793,0.14103592782583385,0.08582481977833838,0.09118375125312596
10,0.8080808080808082,0.1568100698669212,0.16259877867303957,0.11545680833260358,0.11870951414761502
11,0.888888888888889,0.17922035428551286,0.182805744797078,0.15038373318043533,0.15172819335078033
12,0.9696969696969697,0.199943080193199,0.20096564715345494,0.19064534189060794,0.19078908049348964
13,1.0505050505050506,0.2181343899855264,0.21639308011131653,0.2361643206815621,0.23638282748574294
14,1.1313131313131315,0.23295600111711787,0.22848101790339123,0.28674524118436756,0.28820399338704145
15,1.2121212121212122,0.243590891229909,0.23667892184146494,0.3420755426930015,0.3453734062279174
16,1.292929292929293,0.2492587739133895,0.24043750029467012,0.4017285428038465,0.4069992278591963
17,1.373737373737374,0.2492311067057378,0.2392074616321391,0.46516843613019654,0.47218962013170285
18,1.4545454545454546,0.24284537997452896,0.23243951422300427,0.5317572081773893,0.540052744896262
19,1.5353535353535355,0.2295184464297492,0.21958436643639795,0.6007633600069608,0.6096967640036992
20,1.6161616161616164,0.20875866604319115,0.20009272664145256,0.6713723095126887,0.6802298393048392
21,1.696969696969697,0.180176659836889,0.17341530320730048,0.7426983074598364,0.7507601326505069
22,1.777777777777778,0.14349448805988446,0.13900280450307398,0.8137976813493739,0.8203958058915277
23,1.8585858585858588,0.09855309334371443,0.09630593889790545,0.883683198067984,0.8882450208787267
24,1.9393939393939394,0.0453178771102847,0.04477541476092742,0.9513393175309165,0.9534159394629282
25,2.0202020202020203,-0.016117692643215463,-0.016133937098119444,1.0157380944229089,1.01501724604471
26,2.101010101010101,-0.0855305125185914,-0.08646847055586404,1.0758554739386175,1.072220853544613
27,2.181818181818182,-0.16256835146603657,-0.16530576594593477,1.1306877203016477,1.1243214740748448
28,2.262626262626263,-0.24675243934915628,-0.25161209770553006,1.1792677139180858,1.1706279285909116
29,2.3434343434343434,-0.3374821070725462,-0.3443537402718476,1.2206808543466452,1.2104490380483188
30,2.4242424242424243,-0.4340414159460279,-0.4424969680820874,1.254080311824971,1.243093623402573
31,2.505050505050505,-0.5356076818399681,-0.545008055573447,1.2787013797940128,1.267870505609179
32,2.585858585858586,-0.6412617690369408,-0.6508532771831249,1.293874694556752,1.284088505623643
33,2.666666666666667,-0.7500000000000004,-0.7589989073483195,1.299038105676658,1.2910564444014712
34,2.747474747474748,-0.8607475010195467,-0.8684112205062299,1.2937470016870618,1.2880831428981687
35,2.8282828282828287,-0.9723727802926495,-0.9780564910940538,1.277682919810803,1.2744774220692419
36,2.909090909090909,-1.0837033148086423,-1.0869009935489893,1.2506602952947246,1.249548102870196
37,2.98989898989899,-1.1935419057889176,-1.1939110023082362,1.2126312352158002,1.2126040062565373
38,3.070707070707071,-1.30068354962626,-1.2980686340560215,1.1636882327469187,1.1631465450718905
39,3.151515151515152,-1.4039325624975012,-1.3984485186567466,1.104064770382376,1.1018018014074111
40,3.2323232323232327,-1.5021196922257691,-1.494158771773928,1.0341337939953237,1.029602939333516
41,3.3131313131313136,-1.5941189506213185,-1.58430755525839,0.9544040732971973,0.9475836844130059
42,3.393939393939394,-1.6788639034405222,-1.6680030309609577,0.8655144977525784,0.8567777622086832
43,3.474747474747475,-1.7553631632106355,-1.7443533607324568,0.7682263897353802,0.7582188982833487
44,3.555555555555556,-1.8227148423453976,-1.812466706423712,0.663413948168938,0.6529408181998042
45,3.6363636363636367,-1.880119740030088,-1.8714512298855486,0.5520529655692284,0.5419772475208512
46,3.7171717171717176,-1.926893056028718,-1.920415092968791,0.43520798883112594,0.42636191180929117
47,3.7979797979797985,-1.9624744475468672,-1.958466457524265,0.31401811882259256,0.30712853662792594
48,3.878787878787879,-1.9864362712044379,-1.9847134854027948,0.1896816654843882,0.1853108475395575
49,3.95959595959596,-1.9984898806191274,-1.9982643384552063,0.06343989332634992,0.061942570106986006
50,4.040404040404041,-1.9984898806191274,-1.998264338455206,-0.06343989332635032,-0.06194257010698619
51,4.121212121212122,-1.9864362712044379,-1.9847134854027946,-0.18968166548438858,-0.1853108475395583
52,4.202020202020202,-1.962474447546867,-1.9584664575242645,-0.3140181188225938,-0.3071285366279268
53,4.282828282828283,-1.9268930560287179,-1.920415092968791,-0.4352079888311263,-0.4263619118092914
54,4.363636363636364,-1.880119740030088,-1.8714512298855481,-0.5520529655692288,-0.541977247520852
55,4.444444444444445,-1.8227148423453976,-1.812466706423712,-0.6634139481689383,-0.6529408181998043
56,4.525252525252526,-1.755363163210635,-1.7443533607324562,-0.7682263897353813,-0.7582188982833494
57,4.606060606060606,-1.6788639034405222,-1.6680030309609575,-0.8655144977525787,-0.8567777622086834
58,4.686868686868687,-1.594118950621319,-1.5843075552583898,-0.954404073297197,-0.947583684413006
59,4.767676767676768,-1.5021196922257682,-1.494158771773927,-1.0341337939953243,-1.0296029393335164
60,4.848484848484849,-1.4039325624975008,-1.3984485186567466,-1.104064770382376,-1.1018018014074114
61,4.92929292929293,-1.3006835496262596,-1.2980686340560208,-1.163688232746919,-1.163146545071891
62,5.01010101010101,-1.1935419057889174,-1.193911002308236,-1.2126312352158004,-1.2126040062565377
63,5.090909090909092,-1.0837033148086412,-1.0869009935489886,-1.250660295294725,-1.2495481028701967
64,5.171717171717172,-0.9723727802926491,-0.9780564910940531,-1.277682919810803,-1.2744774220692423
65,5.252525252525253,-0.8607475010195463,-0.8684112205062298,-1.293747001687062,-1.2880831428981692
66,5.333333333333334,-0.7499999999999992,-0.7589989073483192,-1.2990381056766578,-1.2910564444014714
67,5.414141414141414,-0.6412617690369404,-0.6508532771831249,-1.2938746945567519,-1.2840885056236435
68,5.494949494949496,-0.5356076818399665,-0.5450080555734463,-1.2787013797940125,-1.2678705056091792
69,5.575757575757576,-0.4340414159460283,-0.4424969680820875,-1.254080311824971,-1.2430936234025731
70,5.6565656565656575,-0.33748210707254594,-0.3443537402718472,-1.220680854346645,-1.2104490380483188
71,5.737373737373738,-0.2467524393491557,-0.2516120977055296,-1.1792677139180854,-1.1706279285909116
72,5.818181818181818,-0.16256835146603657,-0.16530576594593493,-1.1306877203016477,-1.124321474074845
73,5.8989898989899,-0.08553051251859065,-0.08646847055586382,-1.0758554739386168,-1.072220853544613
74,5.97979797979798,-0.01611769264321503,-0.0161339370981195,-1.0157380944229084,-1.0150172460447102
75,6.060606060606061,0.04531787711028468,0.04477541476092786,-0.9513393175309165,-0.953415939462928
76,6.141414141414142,0.09855309334371441,0.09630593889790562,-0.883683198067984,-0.8882450208787265
77,6.222222222222222,0.1434944880598843,0.1390028045030739,-0.8137976813493741,-0.8203958058915279
78,6.303030303030304,0.18017665983688907,0.17341530320730061,-0.7426983074598362,-0.7507601326505067
79,6.383838383838384,0.20875866604319127,0.20009272664145258,-0.6713723095126884,-0.6802298393048392
80,6.464646464646465,0.2295184464297494,0.2195843664363981,-0.6007633600069602,-0.6096967640036988
81,6.545454545454546,0.24284537997452904,0.23243951422300432,-0.5317572081773888,-0.5400527448962619
82,6.626262626262627,0.2492311067057379,0.23920746163213918,-0.4651684361301962,-0.4721896201317022
83,6.707070707070708,0.2492587739133895,0.24043750029467015,-0.4017285428038465,-0.40699922785919596
84,6.787878787878788,0.24359089122990904,0.236678921841465,-0.3420755426930017,-0.34537340622791746
85,6.868686868686869,0.23295600111711776,0.2284810179033912,-0.2867452411843671,-0.28820399338704095
86,6.94949494949495,0.21813438998552637,0.21639308011131658,-0.23616432068156196,-0.2363828274857429
87,7.030303030303031,0.19994308019319876,0.20096564715345483,-0.19064534189060742,-0.1907890804934893
88,7.111111111111112,0.1792203542855127,0.18280574479707795,-0.150383733180435,-0.1517281933507802
89,7.191919191919193,0.1568100698669211,0.1625987786730394,-0.11545680833260338,-0.1187095141476147
90,7.272727272727273,0.13354602633023793,0.14103592782583382,-0.08582481977833835,-0.09118375125312583
91,7.353535353535354,0.11023664326453385,0.11880837129995517,-0.061334021125711576,-0.06860161303644563
92,7.434343434343435,0.08765020474435982,0.09660728813989741,-0.04172167994329308,-0.05041380786670626
93,7.515151515151516,0.06650091396353747,0.07512385739015526,-0.02662294991927148,-0.0360710441130405
94,7.595959595959597,0.04743598897541583,0.05504925809522243,-0.015579481171166745,-0.025024030144580392
95,7.676767676767677,0.031024012861463817,0.037074669299593604,-0.008049619130844869,-0.016723474330458555
96,7.757575757575758,0.017744730754670496,0.021891270047762812,-0.0034200165302464714,-0.010620085039807228
97,7.838383838383839,0.007980462132617125,0.01019023938422392,-0.0010184599832096623,-0.006164570641758741
98,7.91919191919192,0.002009270056486699,0.0026627563534716847,-0.00012769286968987247,-0.0028076395054455645
99,8.0,0.0,0.0,-0.0,-1.3877787807814457e-17
